	3

0.000616	0.001231	0.002766	
0.000005	0.000009	-0.005889	
-0.000620	-0.001240	0.003123	
	3

0.000604	0.001208	0.003954	
0.000023	0.000046	-0.007192	
-0.000627	-0.001254	0.003237	
	3

0.000470	0.000941	0.008478	
0.000141	0.000282	-0.011917	
-0.000611	-0.001222	0.003439	
	3

0.001956	0.003912	-0.043730	
-0.001216	-0.002432	0.039045	
-0.000740	-0.001480	0.004684	
	3

-0.009168	-0.018335	0.056616	
0.000258	0.000515	-0.004885	
0.008910	0.017820	-0.051730	
	3

0.000514	0.001028	0.003475	
0.000202	0.000403	-0.007465	
-0.000716	-0.001432	0.003990	
	3

-0.001464	-0.002928	-0.056924	
0.001503	0.003007	0.056695	
-0.000039	-0.000079	0.000229	
	3

0.000577	0.001154	0.006286	
-0.000565	-0.001130	-0.006345	
-0.000012	-0.000024	0.000059	
	3

0.000087	0.000174	0.000685	
-0.000082	-0.000164	-0.000706	
-0.000005	-0.000010	0.000021	
	3

0.000019	0.000038	0.000121	
-0.000017	-0.000034	-0.000129	
-0.000002	-0.000004	0.000008	
	3

0.000006	0.000011	0.000029	
-0.000005	-0.000009	-0.000033	
-0.000001	-0.000002	0.000004	
	3

0.000002	0.000004	0.000009	
-0.000002	-0.000003	-0.000010	
-0.000000	-0.000001	0.000002	
	3

0.000001	0.000002	0.000003	
-0.000001	-0.000001	-0.000004	
-0.000000	-0.000001	0.000001	
	3

0.000000	0.000001	0.000001	
-0.000000	-0.000001	-0.000002	
-0.000000	-0.000000	0.000000	
	3

0.000000	0.000000	0.000001	
-0.000000	-0.000000	-0.000001	
-0.000000	-0.000000	0.000000	
	3

0.000000	0.000000	0.000000	
-0.000000	-0.000000	-0.000000	
-0.000000	-0.000000	0.000000	
	3

0.000000	0.000000	0.000000	
-0.000000	-0.000000	-0.000000	
-0.000000	-0.000000	0.000000	
	3

0.000000	0.000000	0.000000	
-0.000000	-0.000000	-0.000000	
-0.000000	-0.000000	0.000000	
	3

0.000000	0.000000	0.000000	
-0.000000	-0.000000	-0.000000	
-0.000000	-0.000000	0.000000	
	3

0.000000	0.000000	0.000000	
-0.000000	-0.000000	-0.000000	
-0.000000	-0.000000	0.000000	
	3

0.000000	0.000000	0.000000	
-0.000000	-0.000000	-0.000000	
-0.000000	-0.000000	0.000000	
	3

0.000000	0.000000	0.000000	
-0.000000	-0.000000	-0.000000	
-0.000000	-0.000000	0.000000	
	3

0.000000	0.000000	0.000000	
-0.000000	-0.000000	-0.000000	
-0.000000	-0.000000	0.000000	
	3

0.000000	0.000000	0.000000	
-0.000000	-0.000000	-0.000000	
-0.000000	-0.000000	0.000000	
	3

0.000000	0.000000	0.000000	
-0.000000	-0.000000	-0.000000	
-0.000000	-0.000000	0.000000	
	3

0.000000	0.000000	0.000000	
-0.000000	-0.000000	-0.000000	
-0.000000	-0.000000	0.000000	
	3

0.000000	0.000000	0.000000	
-0.000000	-0.000000	-0.000000	
-0.000000	-0.000000	0.000000	
	3

0.000000	0.000000	0.000000	
-0.000000	-0.000000	-0.000000	
-0.000000	-0.000000	0.000000	
	3

0.000000	0.000000	-0.000000	
-0.000000	-0.000000	-0.000000	
-0.000000	-0.000000	0.000000	
	3

0.000000	0.000000	-0.000000	
-0.000000	-0.000000	-0.000000	
-0.000000	-0.000000	0.000000	
	3

0.000000	0.000000	-0.000000	
-0.000000	-0.000000	-0.000000	
-0.000000	-0.000000	0.000000	
	3

0.000000	0.000000	-0.000000	
-0.000000	-0.000000	-0.000000	
-0.000000	-0.000000	0.000000	
	3

0.000000	0.000000	-0.000000	
-0.000000	-0.000000	-0.000000	
-0.000000	-0.000000	0.000000	
	3

0.000000	0.000000	-0.000000	
-0.000000	-0.000000	-0.000000	
-0.000000	-0.000000	0.000000	
	3

0.000000	0.000000	-0.000000	
-0.000000	-0.000000	-0.000000	
-0.000000	-0.000000	0.000000	
	3

0.000000	0.000000	-0.000000	
-0.000000	-0.000000	-0.000000	
-0.000000	-0.000000	0.000000	
	3

0.000000	0.000000	-0.000000	
-0.000000	-0.000000	-0.000000	
-0.000000	-0.000000	0.000000	
	3

0.000000	0.000000	-0.000000	
-0.000000	-0.000000	-0.000000	
-0.000000	-0.000000	0.000000	
	3

0.000000	0.000000	-0.000000	
-0.000000	-0.000000	-0.000000	
-0.000000	-0.000000	0.000000	
	3

0.000000	0.000000	-0.000000	
-0.000000	-0.000000	-0.000000	
-0.000000	-0.000000	0.000000	
	3

0.000000	0.000000	-0.000000	
-0.000000	-0.000000	-0.000000	
-0.000000	-0.000000	0.000000	
	3

0.000000	0.000000	-0.000000	
-0.000000	-0.000000	-0.000000	
-0.000000	-0.000000	0.000000	
	3

0.000000	0.000000	-0.000000	
-0.000000	-0.000000	-0.000000	
-0.000000	-0.000000	0.000000	
	3

0.000000	0.000000	-0.000000	
-0.000000	-0.000000	-0.000000	
-0.000000	-0.000000	0.000000	
	3

0.000000	0.000000	-0.000000	
-0.000000	-0.000000	-0.000000	
-0.000000	-0.000000	0.000000	
	3

0.000000	0.000000	-0.000000	
-0.000000	-0.000000	-0.000000	
-0.000000	-0.000000	0.000000	
	3

0.000000	0.000000	-0.000000	
-0.000000	-0.000000	-0.000000	
-0.000000	-0.000000	0.000000	
	3

0.000000	0.000000	-0.000000	
-0.000000	-0.000000	-0.000000	
-0.000000	-0.000000	0.000000	
	3

0.000000	0.000000	-0.000000	
-0.000000	-0.000000	-0.000000	
-0.000000	-0.000000	0.000000	
	3

0.000000	0.000000	-0.000000	
-0.000000	-0.000000	-0.000000	
-0.000000	-0.000000	0.000000	
	3

0.000000	0.000000	-0.000000	
-0.000000	-0.000000	-0.000000	
-0.000000	-0.000000	0.000000	
	3

0.000000	0.000000	-0.000000	
-0.000000	-0.000000	-0.000000	
-0.000000	-0.000000	0.000000	
	3

0.000000	0.000000	-0.000000	
-0.000000	-0.000000	-0.000000	
-0.000000	-0.000000	0.000000	
	3

0.000000	0.000000	-0.000000	
-0.000000	-0.000000	-0.000000	
-0.000000	-0.000000	0.000000	
	3

0.000000	0.000000	-0.000000	
-0.000000	-0.000000	-0.000000	
-0.000000	-0.000000	0.000000	
	3

0.000000	0.000000	-0.000000	
-0.000000	-0.000000	-0.000000	
-0.000000	-0.000000	0.000000	
	3

0.000000	0.000000	-0.000000	
-0.000000	-0.000000	-0.000000	
-0.000000	-0.000000	0.000000	
	3

0.000000	0.000000	-0.000000	
-0.000000	-0.000000	-0.000000	
-0.000000	-0.000000	0.000000	
	3

0.000000	0.000000	-0.000000	
-0.000000	-0.000000	-0.000000	
-0.000000	-0.000000	0.000000	
	3

0.000000	0.000000	-0.000000	
-0.000000	-0.000000	-0.000000	
-0.000000	-0.000000	0.000000	
	3

0.000000	0.000000	-0.000000	
-0.000000	-0.000000	-0.000000	
-0.000000	-0.000000	0.000000	
	3

0.000000	0.000000	-0.000000	
-0.000000	-0.000000	-0.000000	
-0.000000	-0.000000	0.000000	
	3

0.000000	0.000000	-0.000000	
-0.000000	-0.000000	-0.000000	
-0.000000	-0.000000	0.000000	
	3

0.000000	0.000000	-0.000000	
-0.000000	-0.000000	-0.000000	
-0.000000	-0.000000	0.000000	
	3

0.000000	0.000000	-0.000000	
-0.000000	-0.000000	-0.000000	
-0.000000	-0.000000	0.000000	
	3

0.000000	0.000000	-0.000000	
-0.000000	-0.000000	-0.000000	
-0.000000	-0.000000	0.000000	
	3

0.000000	0.000000	-0.000000	
-0.000000	-0.000000	-0.000000	
-0.000000	-0.000000	0.000000	
	3

0.000000	0.000000	-0.000000	
-0.000000	-0.000000	-0.000000	
-0.000000	-0.000000	0.000000	
	3

0.000000	0.000000	-0.000000	
-0.000000	-0.000000	-0.000000	
-0.000000	-0.000000	0.000000	
	3

0.000000	0.000000	-0.000000	
-0.000000	-0.000000	-0.000000	
-0.000000	-0.000000	0.000000	
	3

0.000000	0.000000	-0.000000	
-0.000000	-0.000000	-0.000000	
-0.000000	-0.000000	0.000000	
	3

0.000000	0.000000	-0.000000	
-0.000000	-0.000000	-0.000000	
-0.000000	-0.000000	0.000000	
	3

0.000000	0.000000	-0.000000	
-0.000000	-0.000000	-0.000000	
-0.000000	-0.000000	0.000000	
	3

0.000000	0.000000	-0.000000	
-0.000000	-0.000000	-0.000000	
-0.000000	-0.000000	0.000000	
	3

0.000000	0.000000	-0.000000	
-0.000000	-0.000000	-0.000000	
-0.000000	-0.000000	0.000000	
	3

0.000000	0.000000	-0.000000	
-0.000000	-0.000000	-0.000000	
-0.000000	-0.000000	0.000000	
	3

0.000000	0.000000	-0.000000	
-0.000000	-0.000000	-0.000000	
-0.000000	-0.000000	0.000000	
	3

0.000000	0.000000	-0.000000	
-0.000000	-0.000000	-0.000000	
-0.000000	-0.000000	0.000000	
	3

0.000000	0.000000	-0.000000	
-0.000000	-0.000000	-0.000000	
-0.000000	-0.000000	0.000000	
	3

0.000000	0.000000	-0.000000	
-0.000000	-0.000000	-0.000000	
-0.000000	-0.000000	0.000000	
	3

0.000000	0.000000	-0.000000	
-0.000000	-0.000000	-0.000000	
-0.000000	-0.000000	0.000000	
	3

0.000000	0.000000	-0.000000	
-0.000000	-0.000000	-0.000000	
-0.000000	-0.000000	0.000000	
	3

0.000000	0.000000	-0.000000	
-0.000000	-0.000000	-0.000000	
-0.000000	-0.000000	0.000000	
	3

0.000000	0.000000	-0.000000	
-0.000000	-0.000000	-0.000000	
-0.000000	-0.000000	0.000000	
	3

0.000000	0.000000	-0.000000	
-0.000000	-0.000000	-0.000000	
-0.000000	-0.000000	0.000000	
	3

0.000000	0.000000	-0.000000	
-0.000000	-0.000000	-0.000000	
-0.000000	-0.000000	0.000000	
	3

0.000000	0.000000	-0.000000	
-0.000000	-0.000000	-0.000000	
-0.000000	-0.000000	0.000000	
	3

0.000000	0.000000	-0.000000	
-0.000000	-0.000000	-0.000000	
-0.000000	-0.000000	0.000000	
	3

0.000000	0.000000	-0.000000	
-0.000000	-0.000000	-0.000000	
-0.000000	-0.000000	0.000000	
	3

0.000000	0.000000	-0.000000	
-0.000000	-0.000000	-0.000000	
-0.000000	-0.000000	0.000000	
	3

0.000000	0.000000	-0.000000	
-0.000000	-0.000000	-0.000000	
-0.000000	-0.000000	0.000000	
	3

0.000000	0.000000	-0.000000	
-0.000000	-0.000000	-0.000000	
-0.000000	-0.000000	0.000000	
	3

0.000000	0.000000	-0.000000	
-0.000000	-0.000000	-0.000000	
-0.000000	-0.000000	0.000000	
	3

0.000000	0.000000	-0.000000	
-0.000000	-0.000000	-0.000000	
-0.000000	-0.000000	0.000000	
	3

0.000000	0.000000	-0.000000	
-0.000000	-0.000000	-0.000000	
-0.000000	-0.000000	0.000000	
	3

0.000000	0.000000	-0.000000	
-0.000000	-0.000000	-0.000000	
-0.000000	-0.000000	0.000000	
	3

0.000000	0.000000	-0.000000	
-0.000000	-0.000000	-0.000000	
-0.000000	-0.000000	0.000000	
	3

0.000000	0.000000	-0.000000	
-0.000000	-0.000000	-0.000000	
-0.000000	-0.000000	0.000000	
	3

0.000000	0.000000	-0.000000	
-0.000000	-0.000000	-0.000000	
-0.000000	-0.000000	0.000000	
	3

0.000000	0.000000	-0.000000	
-0.000000	-0.000000	-0.000000	
-0.000000	-0.000000	0.000000	
