108
   0.00000000       0.00000000       0.00000000		39.948   
   1.19999993       1.19999993       0.00000000         39.948
   1.19999993       0.00000000       1.19999993         39.948
   0.00000000       1.19999993       1.19999993         39.948
   0.00000000       0.00000000       2.39999986         39.948
   1.19999993       1.19999993       2.39999986         39.948
   1.19999993       0.00000000       3.59999990         39.948
   0.00000000       1.19999993       3.59999990         39.948
   0.00000000       0.00000000       4.79999971         39.948
   1.19999993       1.19999993       4.79999971         39.948
   1.19999993       0.00000000       5.99999952         39.948
   0.00000000       1.19999993       5.99999952         39.948
   0.00000000       2.39999986       0.00000000         39.948
   1.19999993       3.59999990       0.00000000         39.948
   1.19999993       2.39999986       1.19999993         39.948
   0.00000000       3.59999990       1.19999993         39.948
   0.00000000       2.39999986       2.39999986         39.948
   1.19999993       3.59999990       2.39999986         39.948
   1.19999993       2.39999986       3.59999990         39.948
   0.00000000       3.59999990       3.59999990         39.948
   0.00000000       2.39999986       4.79999971         39.948
   1.19999993       3.59999990       4.79999971         39.948
   1.19999993       2.39999986       5.99999952         39.948
   0.00000000       3.59999990       5.99999952         39.948
   0.00000000       4.79999971       0.00000000         39.948
   1.19999993       5.99999952       0.00000000         39.948
   1.19999993       4.79999971       1.19999993         39.948
   0.00000000       5.99999952       1.19999993         39.948
   0.00000000       4.79999971       2.39999986         39.948
   1.19999993       5.99999952       2.39999986         39.948
   1.19999993       4.79999971       3.59999990         39.948
   0.00000000       5.99999952       3.59999990         39.948
   0.00000000       4.79999971       4.79999971         39.948
   1.19999993       5.99999952       4.79999971         39.948
   1.19999993       4.79999971       5.99999952         39.948
   0.00000000       5.99999952       5.99999952         39.948
   2.39999986       0.00000000       0.00000000         39.948
   3.59999990       1.19999993       0.00000000         39.948
   3.59999990       0.00000000       1.19999993         39.948
   2.39999986       1.19999993       1.19999993         39.948
   2.39999986       0.00000000       2.39999986         39.948
   3.59999990       1.19999993       2.39999986         39.948
   3.59999990       0.00000000       3.59999990         39.948
   2.39999986       1.19999993       3.59999990         39.948
   2.39999986       0.00000000       4.79999971         39.948
   3.59999990       1.19999993       4.79999971         39.948
   3.59999990       0.00000000       5.99999952         39.948
   2.39999986       1.19999993       5.99999952         39.948
   2.39999986       2.39999986       0.00000000         39.948
   3.59999990       3.59999990       0.00000000         39.948
   3.59999990       2.39999986       1.19999993         39.948
   2.39999986       3.59999990       1.19999993         39.948
   2.39999986       2.39999986       2.39999986         39.948
   3.59999990       3.59999990       2.39999986         39.948
   3.59999990       2.39999986       3.59999990         39.948
   2.39999986       3.59999990       3.59999990         39.948
   2.39999986       2.39999986       4.79999971         39.948
   3.59999990       3.59999990       4.79999971         39.948
   3.59999990       2.39999986       5.99999952         39.948
   2.39999986       3.59999990       5.99999952         39.948
   2.39999986       4.79999971       0.00000000         39.948
   3.59999990       5.99999952       0.00000000         39.948
   3.59999990       4.79999971       1.19999993         39.948
   2.39999986       5.99999952       1.19999993         39.948
   2.39999986       4.79999971       2.39999986         39.948
   3.59999990       5.99999952       2.39999986         39.948
   3.59999990       4.79999971       3.59999990         39.948
   2.39999986       5.99999952       3.59999990         39.948
   2.39999986       4.79999971       4.79999971         39.948
   3.59999990       5.99999952       4.79999971         39.948
   3.59999990       4.79999971       5.99999952         39.948
   2.39999986       5.99999952       5.99999952         39.948
   4.79999971       0.00000000       0.00000000         39.948
   5.99999952       1.19999993       0.00000000         39.948
   5.99999952       0.00000000       1.19999993         39.948
   4.79999971       1.19999993       1.19999993         39.948
   4.79999971       0.00000000       2.39999986         39.948
   5.99999952       1.19999993       2.39999986         39.948
   5.99999952       0.00000000       3.59999990         39.948
   4.79999971       1.19999993       3.59999990         39.948
   4.79999971       0.00000000       4.79999971         39.948
   5.99999952       1.19999993       4.79999971         39.948
   5.99999952       0.00000000       5.99999952         39.948
   4.79999971       1.19999993       5.99999952         39.948
   4.79999971       2.39999986       0.00000000         39.948
   5.99999952       3.59999990       0.00000000         39.948
   5.99999952       2.39999986       1.19999993         39.948
   4.79999971       3.59999990       1.19999993         39.948
   4.79999971       2.39999986       2.39999986         39.948
   5.99999952       3.59999990       2.39999986         39.948
   5.99999952       2.39999986       3.59999990         39.948
   4.79999971       3.59999990       3.59999990         39.948
   4.79999971       2.39999986       4.79999971         39.948
   5.99999952       3.59999990       4.79999971         39.948
   5.99999952       2.39999986       5.99999952         39.948
   4.79999971       3.59999990       5.99999952         39.948
   4.79999971       4.79999971       0.00000000         39.948
   5.99999952       5.99999952       0.00000000         39.948
   5.99999952       4.79999971       1.19999993         39.948
   4.79999971       5.99999952       1.19999993         39.948
   4.79999971       4.79999971       2.39999986         39.948
   5.99999952       5.99999952       2.39999986         39.948
   5.99999952       4.79999971       3.59999990         39.948
   4.79999971       5.99999952       3.59999990         39.948
   4.79999971       4.79999971       4.79999971         39.948
   5.99999952       5.99999952       4.79999971         39.948
   5.99999952       4.79999971       5.99999952         39.948
   4.79999971       5.99999952       5.99999952         39.948
